STATIONS: 4
SETV: 9
TOTALV: 205 

TYPES:
29 3  18 4 36 1  11 0 0 
11 17 1  1 17 17 1  1 2
8  2  11 2 0  0  0  0 0
8  3  1  0 0  0  0  0 0

MANMEDIA:  
2.14 0.46 3.07 0    3.46 0    0.25 0 0 
2.53 3.32 0    0.07 3.42 3.57 0    0 0 
0.92 0    2.42 0.14 0    0    0    0 0
1.0  0.32 0    0    0    0    0    0 0

MAXIMA: 
14 3 7 2 20 1 9 0 0 
4 14 0 1  8 6 0 0 0 
6  0 6 2  0 0 0 0 0   
4  2 1 0  0 0 0 0 0

MEDIA:
10.78 2.0  5.28 1.03 17.82 0.25 7.05 0 0 
2.96 10.96 0    0.82  5.03 4.25 0    0 0 
4.17  0    5.25 1.39  0    0    0    0 0
2.5   0.96 0.39 0     0    0    0    0 0

 

